4.296832e+00 3.438231e+00 2.417426e+00 3.773871e+00 3.082721e+00 2.464415e+00 3.698206e+00 3.514761e+00 4.298892e+00 4.136658e+00 2.642994e+00
3.438231e+00 3.904648e+00 2.251212e+00 3.553376e+00 2.997144e+00 2.374137e+00 3.015914e+00 3.136429e+00 3.537918e+00 3.764748e+00 1.999585e+00
2.417426e+00 2.251212e+00 3.267545e+00 3.153890e+00 2.674418e+00 2.477659e+00 2.981278e+00 2.985695e+00 3.112880e+00 2.997023e+00 2.128072e+00
3.773871e+00 3.553376e+00 3.153890e+00 4.464694e+00 3.189386e+00 2.978701e+00 3.809747e+00 3.700052e+00 4.292709e+00 3.946163e+00 2.272008e+00
3.082721e+00 2.997144e+00 2.674418e+00 3.189386e+00 4.161017e+00 2.198004e+00 2.696815e+00 3.327256e+00 4.052632e+00 2.942917e+00 2.229642e+00
2.464415e+00 2.374137e+00 2.477659e+00 2.978701e+00 2.198004e+00 3.239121e+00 2.941719e+00 3.162701e+00 2.886841e+00 2.999353e+00 1.841752e+00
3.698206e+00 3.015914e+00 2.981278e+00 3.809747e+00 2.696815e+00 2.941719e+00 4.238299e+00 3.394299e+00 4.126078e+00 3.860323e+00 2.491896e+00
3.514761e+00 3.136429e+00 2.985695e+00 3.700052e+00 3.327256e+00 3.162701e+00 3.394299e+00 4.196519e+00 4.011188e+00 3.771960e+00 2.434658e+00
4.298892e+00 3.537918e+00 3.112880e+00 4.292709e+00 4.052632e+00 2.886841e+00 4.126078e+00 4.011188e+00 5.362655e+00 3.996720e+00 2.914065e+00
4.136658e+00 3.764748e+00 2.997023e+00 3.946163e+00 2.942917e+00 2.999353e+00 3.860323e+00 3.771960e+00 3.996720e+00 4.717400e+00 2.810439e+00
2.642994e+00 1.999585e+00 2.128072e+00 2.272008e+00 2.229642e+00 1.841752e+00 2.491896e+00 2.434658e+00 2.914065e+00 2.810439e+00 2.419574e+00
1.983693e+01 1.838994e+01 1.711168e+01 2.155732e+01 1.884881e+01 1.644944e+01 1.991876e+01 2.078782e+01 2.307251e+01 2.117765e+01 1.376822e+01

/////////////////////////

x:
1.260753e-01 4.954441e-01 7.604752e-01 9.847516e-01 9.350040e-01 6.844450e-01 3.831883e-01 7.497709e-01 3.686635e-01 2.941604e-01 2.322615e-01

